        1000
    0.000
    0.180
    0.360
    0.541
    0.721
    0.901
    1.081
    1.261
    1.441
    1.622
    1.802
    1.982
    2.162
    2.342
    2.523
    2.703
    2.883
    3.063
    3.243
    3.423
    3.604
    3.784
    3.964
    4.144
    4.324
    4.505
    4.685
    4.865
    5.045
    5.225
    5.405
    5.586
    5.766
    5.946
    6.126
    6.306
    6.486
    6.667
    6.847
    7.027
    7.207
    7.387
    7.568
    7.748
    7.928
    8.108
    8.288
    8.468
    8.649
    8.829
    9.009
    9.189
    9.369
    9.550
    9.730
    9.910
   10.090
   10.270
   10.450
   10.631
   10.811
   10.991
   11.171
   11.351
   11.532
   11.712
   11.892
   12.072
   12.252
   12.432
   12.613
   12.793
   12.973
   13.153
   13.333
   13.514
   13.694
   13.874
   14.054
   14.234
   14.414
   14.595
   14.775
   14.955
   15.135
   15.315
   15.495
   15.676
   15.856
   16.036
   16.216
   16.396
   16.577
   16.757
   16.937
   17.117
   17.297
   17.477
   17.658
   17.838
   18.018
   18.198
   18.378
   18.559
   18.739
   18.919
   19.099
   19.279
   19.459
   19.640
   19.820
   20.000
   20.180
   20.360
   20.541
   20.721
   20.901
   21.081
   21.261
   21.441
   21.622
   21.802
   21.982
   22.162
   22.342
   22.523
   22.703
   22.883
   23.063
   23.243
   23.423
   23.604
   23.784
   23.964
   24.144
   24.324
   24.505
   24.685
   24.865
   25.045
   25.225
   25.405
   25.586
   25.766
   25.946
   26.126
   26.306
   26.486
   26.667
   26.847
   27.027
   27.207
   27.387
   27.568
   27.748
   27.928
   28.108
   28.288
   28.468
   28.649
   28.829
   29.009
   29.189
   29.369
   29.550
   29.730
   29.910
   30.090
   30.270
   30.450
   30.631
   30.811
   30.991
   31.171
   31.351
   31.532
   31.712
   31.892
   32.072
   32.252
   32.432
   32.613
   32.793
   32.973
   33.153
   33.333
   33.514
   33.694
   33.874
   34.054
   34.234
   34.414
   34.595
   34.775
   34.955
   35.135
   35.315
   35.495
   35.676
   35.856
   36.036
   36.216
   36.396
   36.577
   36.757
   36.937
   37.117
   37.297
   37.477
   37.658
   37.838
   38.018
   38.198
   38.378
   38.559
   38.739
   38.919
   39.099
   39.279
   39.459
   39.640
   39.820
   40.000
   40.180
   40.360
   40.541
   40.721
   40.901
   41.081
   41.261
   41.441
   41.622
   41.802
   41.982
   42.162
   42.342
   42.523
   42.703
   42.883
   43.063
   43.243
   43.423
   43.604
   43.784
   43.964
   44.144
   44.324
   44.505
   44.685
   44.865
   45.045
   45.225
   45.405
   45.586
   45.766
   45.946
   46.126
   46.306
   46.486
   46.667
   46.847
   47.027
   47.207
   47.387
   47.568
   47.748
   47.928
   48.108
   48.288
   48.468
   48.649
   48.829
   49.009
   49.189
   49.369
   49.550
   49.730
   49.910
   50.090
   50.270
   50.450
   50.631
   50.811
   50.991
   51.171
   51.351
   51.532
   51.712
   51.892
   52.072
   52.252
   52.432
   52.613
   52.793
   52.973
   53.153
   53.333
   53.514
   53.694
   53.874
   54.054
   54.234
   54.414
   54.595
   54.775
   54.955
   55.135
   55.315
   55.495
   55.676
   55.856
   56.036
   56.216
   56.396
   56.577
   56.757
   56.937
   57.117
   57.297
   57.477
   57.658
   57.838
   58.018
   58.198
   58.378
   58.559
   58.739
   58.919
   59.099
   59.279
   59.459
   59.640
   59.820
   60.000
   60.180
   60.360
   60.541
   60.721
   60.901
   61.081
   61.261
   61.441
   61.622
   61.802
   61.982
   62.162
   62.342
   62.523
   62.703
   62.883
   63.063
   63.243
   63.423
   63.604
   63.784
   63.964
   64.144
   64.324
   64.505
   64.685
   64.865
   65.045
   65.225
   65.405
   65.586
   65.766
   65.946
   66.126
   66.306
   66.486
   66.667
   66.847
   67.027
   67.207
   67.387
   67.568
   67.748
   67.928
   68.108
   68.288
   68.468
   68.649
   68.829
   69.009
   69.189
   69.369
   69.550
   69.730
   69.910
   70.090
   70.270
   70.450
   70.631
   70.811
   70.991
   71.171
   71.351
   71.532
   71.712
   71.892
   72.072
   72.252
   72.432
   72.613
   72.793
   72.973
   73.153
   73.333
   73.514
   73.694
   73.874
   74.054
   74.234
   74.414
   74.595
   74.775
   74.955
   75.135
   75.315
   75.495
   75.676
   75.856
   76.036
   76.216
   76.396
   76.577
   76.757
   76.937
   77.117
   77.297
   77.477
   77.658
   77.838
   78.018
   78.198
   78.378
   78.559
   78.739
   78.919
   79.099
   79.279
   79.459
   79.640
   79.820
   80.000
   80.180
   80.360
   80.541
   80.721
   80.901
   81.081
   81.261
   81.441
   81.622
   81.802
   81.982
   82.162
   82.342
   82.523
   82.703
   82.883
   83.063
   83.243
   83.423
   83.604
   83.784
   83.964
   84.144
   84.324
   84.505
   84.685
   84.865
   85.045
   85.225
   85.405
   85.586
   85.766
   85.946
   86.126
   86.306
   86.486
   86.667
   86.847
   87.027
   87.207
   87.387
   87.568
   87.748
   87.928
   88.108
   88.288
   88.468
   88.649
   88.829
   89.009
   89.189
   89.369
   89.550
   89.730
   89.910
   90.090
   90.270
   90.450
   90.631
   90.811
   90.991
   91.171
   91.351
   91.532
   91.712
   91.892
   92.072
   92.252
   92.432
   92.613
   92.793
   92.973
   93.153
   93.333
   93.514
   93.694
   93.874
   94.054
   94.234
   94.414
   94.595
   94.775
   94.955
   95.135
   95.315
   95.495
   95.676
   95.856
   96.036
   96.216
   96.396
   96.577
   96.757
   96.937
   97.117
   97.297
   97.477
   97.658
   97.838
   98.018
   98.198
   98.378
   98.559
   98.739
   98.919
   99.099
   99.279
   99.459
   99.640
   99.820
  100.000
  100.180
  100.360
  100.541
  100.721
  100.901
  101.081
  101.261
  101.441
  101.622
  101.802
  101.982
  102.162
  102.342
  102.523
  102.703
  102.883
  103.063
  103.243
  103.423
  103.604
  103.784
  103.964
  104.144
  104.324
  104.505
  104.685
  104.865
  105.045
  105.225
  105.405
  105.586
  105.766
  105.946
  106.126
  106.306
  106.486
  106.667
  106.847
  107.027
  107.207
  107.387
  107.568
  107.748
  107.928
  108.108
  108.288
  108.468
  108.649
  108.829
  109.009
  109.189
  109.369
  109.550
  109.730
  109.910
  110.090
  110.270
  110.450
  110.631
  110.811
  110.991
  111.171
  111.351
  111.532
  111.712
  111.892
  112.072
  112.252
  112.432
  112.613
  112.793
  112.973
  113.153
  113.333
  113.514
  113.694
  113.874
  114.054
  114.234
  114.414
  114.595
  114.775
  114.955
  115.135
  115.315
  115.495
  115.676
  115.856
  116.036
  116.216
  116.396
  116.577
  116.757
  116.937
  117.117
  117.297
  117.477
  117.658
  117.838
  118.018
  118.198
  118.378
  118.559
  118.739
  118.919
  119.099
  119.279
  119.459
  119.640
  119.820
  120.000
  120.180
  120.360
  120.541
  120.721
  120.901
  121.081
  121.261
  121.441
  121.622
  121.802
  121.982
  122.162
  122.342
  122.523
  122.703
  122.883
  123.063
  123.243
  123.423
  123.604
  123.784
  123.964
  124.144
  124.324
  124.505
  124.685
  124.865
  125.045
  125.225
  125.405
  125.586
  125.766
  125.946
  126.126
  126.306
  126.486
  126.667
  126.847
  127.027
  127.207
  127.387
  127.568
  127.748
  127.928
  128.108
  128.288
  128.468
  128.649
  128.829
  129.009
  129.189
  129.369
  129.550
  129.730
  129.910
  130.090
  130.270
  130.450
  130.631
  130.811
  130.991
  131.171
  131.351
  131.532
  131.712
  131.892
  132.072
  132.252
  132.432
  132.613
  132.793
  132.973
  133.153
  133.333
  133.514
  133.694
  133.874
  134.054
  134.234
  134.414
  134.595
  134.775
  134.955
  135.135
  135.315
  135.495
  135.676
  135.856
  136.036
  136.216
  136.396
  136.577
  136.757
  136.937
  137.117
  137.297
  137.477
  137.658
  137.838
  138.018
  138.198
  138.378
  138.559
  138.739
  138.919
  139.099
  139.279
  139.459
  139.640
  139.820
  140.000
  140.180
  140.360
  140.541
  140.721
  140.901
  141.081
  141.261
  141.441
  141.622
  141.802
  141.982
  142.162
  142.342
  142.523
  142.703
  142.883
  143.063
  143.243
  143.423
  143.604
  143.784
  143.964
  144.144
  144.324
  144.505
  144.685
  144.865
  145.045
  145.225
  145.405
  145.586
  145.766
  145.946
  146.126
  146.306
  146.486
  146.667
  146.847
  147.027
  147.207
  147.387
  147.568
  147.748
  147.928
  148.108
  148.288
  148.468
  148.649
  148.829
  149.009
  149.189
  149.369
  149.550
  149.730
  149.910
  150.090
  150.270
  150.450
  150.631
  150.811
  150.991
  151.171
  151.351
  151.532
  151.712
  151.892
  152.072
  152.252
  152.432
  152.613
  152.793
  152.973
  153.153
  153.333
  153.514
  153.694
  153.874
  154.054
  154.234
  154.414
  154.595
  154.775
  154.955
  155.135
  155.315
  155.495
  155.676
  155.856
  156.036
  156.216
  156.396
  156.577
  156.757
  156.937
  157.117
  157.297
  157.477
  157.658
  157.838
  158.018
  158.198
  158.378
  158.559
  158.739
  158.919
  159.099
  159.279
  159.459
  159.640
  159.820
  160.000
  160.180
  160.360
  160.541
  160.721
  160.901
  161.081
  161.261
  161.441
  161.622
  161.802
  161.982
  162.162
  162.342
  162.523
  162.703
  162.883
  163.063
  163.243
  163.423
  163.604
  163.784
  163.964
  164.144
  164.324
  164.505
  164.685
  164.865
  165.045
  165.225
  165.405
  165.586
  165.766
  165.946
  166.126
  166.306
  166.486
  166.667
  166.847
  167.027
  167.207
  167.387
  167.568
  167.748
  167.928
  168.108
  168.288
  168.468
  168.649
  168.829
  169.009
  169.189
  169.369
  169.550
  169.730
  169.910
  170.090
  170.270
  170.450
  170.631
  170.811
  170.991
  171.171
  171.351
  171.532
  171.712
  171.892
  172.072
  172.252
  172.432
  172.613
  172.793
  172.973
  173.153
  173.333
  173.514
  173.694
  173.874
  174.054
  174.234
  174.414
  174.595
  174.775
  174.955
  175.135
  175.315
  175.495
  175.676
  175.856
  176.036
  176.216
  176.396
  176.577
  176.757
  176.937
  177.117
  177.297
  177.477
  177.658
  177.838
  178.018
  178.198
  178.378
  178.559
  178.739
  178.919
  179.099
  179.279
  179.459
  179.640
  179.820
  180.000
